# column 0: Wavelength [micron]
# column 1: Total attenuated SED [Jy]
# column 2: Primary sources attenuated SED [Jy]
# column 3: Primary emission [W/Hz]
# column 4: Evolved stellar populations emission [W/Hz]
# 
1.0060e-01 1.0713e+02 1.0713e+02 2.1498e+25 9.5510e+24
1.0321e-01 1.0254e+02 1.0254e+02 1.7430e+25 5.6702e+24
1.0589e-01 1.4403e+02 1.4403e+02 2.5362e+25 1.1568e+25
1.0864e-01 1.4772e+02 1.4772e+02 2.3837e+25 1.0198e+25
1.1146e-01 1.5190e+02 1.5190e+02 2.3647e+25 1.2200e+25
1.1436e-01 1.6844e+02 1.6844e+02 2.7031e+25 1.3009e+25
1.1733e-01 1.6262e+02 1.6262e+02 2.2798e+25 1.0776e+25
1.2038e-01 1.3070e+02 1.3070e+02 1.9418e+25 7.4468e+24
1.2350e-01 1.7494e+02 1.7494e+02 2.7700e+25 1.4858e+25
1.2671e-01 2.1236e+02 2.1236e+02 2.9643e+25 1.4593e+25
1.3000e-01 2.2256e+02 2.2256e+02 2.9844e+25 1.5151e+25
1.3338e-01 2.3865e+02 2.3865e+02 3.1212e+25 1.6588e+25
1.3684e-01 2.4301e+02 2.4301e+02 3.2223e+25 1.7600e+25
1.4040e-01 2.3483e+02 2.3483e+02 3.0791e+25 1.7122e+25
1.4404e-01 2.5390e+02 2.5390e+02 3.3054e+25 1.9082e+25
1.4778e-01 2.5478e+02 2.5478e+02 3.2252e+25 1.8160e+25
1.5162e-01 2.3950e+02 2.3950e+02 3.0010e+25 1.7217e+25
1.5556e-01 2.2937e+02 2.2937e+02 2.7660e+25 1.5771e+25
1.5960e-01 2.5800e+02 2.5800e+02 3.2114e+25 1.8642e+25
1.6375e-01 2.6579e+02 2.6579e+02 3.3076e+25 1.9005e+25
1.6800e-01 2.7880e+02 2.7880e+02 3.4742e+25 2.0268e+25
1.7236e-01 2.7236e+02 2.7236e+02 3.2229e+25 1.8294e+25
1.7684e-01 2.8080e+02 2.8080e+02 3.3156e+25 1.9199e+25
1.8143e-01 2.8497e+02 2.8497e+02 3.4037e+25 2.0140e+25
1.8614e-01 2.6728e+02 2.6728e+02 3.2659e+25 1.8999e+25
1.9098e-01 2.7021e+02 2.7021e+02 3.4292e+25 1.9663e+25
1.9594e-01 2.6765e+02 2.6765e+02 3.3774e+25 2.0298e+25
2.0103e-01 2.6128e+02 2.6128e+02 3.4703e+25 2.1008e+25
2.0625e-01 2.6174e+02 2.6174e+02 3.4732e+25 2.1093e+25
2.1161e-01 2.6354e+02 2.6354e+02 3.5810e+25 2.2349e+25
2.1710e-01 2.6663e+02 2.6663e+02 3.5460e+25 2.2162e+25
2.2274e-01 2.6521e+02 2.6521e+02 3.4554e+25 2.1527e+25
2.2853e-01 2.7008e+02 2.7008e+02 3.5914e+25 2.3062e+25
2.3446e-01 2.5396e+02 2.5396e+02 3.1653e+25 1.9168e+25
2.4055e-01 2.5918e+02 2.5918e+02 3.1550e+25 1.9276e+25
2.4680e-01 2.8147e+02 2.8147e+02 3.3815e+25 2.1533e+25
2.5321e-01 2.8028e+02 2.8028e+02 3.2098e+25 2.0198e+25
2.5979e-01 3.0234e+02 3.0234e+02 3.4046e+25 2.2270e+25
2.6653e-01 3.6627e+02 3.6627e+02 3.7101e+25 2.5414e+25
2.7346e-01 3.4635e+02 3.4635e+02 3.7456e+25 2.6020e+25
2.8056e-01 3.5137e+02 3.5137e+02 3.2748e+25 2.0549e+25
2.8785e-01 4.2385e+02 4.2385e+02 4.0758e+25 2.9520e+25
2.9532e-01 4.8939e+02 4.8939e+02 4.3407e+25 3.2254e+25
3.0299e-01 5.2628e+02 5.2628e+02 4.5966e+25 3.4873e+25
3.1086e-01 5.7861e+02 5.7861e+02 4.9538e+25 3.8374e+25
3.1894e-01 6.0419e+02 6.0419e+02 4.9811e+25 3.7184e+25
3.2722e-01 7.0235e+02 7.0234e+02 5.7025e+25 4.5936e+25
3.3572e-01 7.0925e+02 7.0925e+02 5.4595e+25 4.3430e+25
3.4444e-01 7.6107e+02 7.6106e+02 5.7473e+25 4.6147e+25
3.5338e-01 8.4729e+02 8.4728e+02 6.2360e+25 5.0788e+25
3.6256e-01 9.0133e+02 9.0132e+02 6.5242e+25 5.3084e+25
3.7198e-01 1.0601e+03 1.0601e+03 7.7443e+25 5.6541e+25
3.8164e-01 1.1941e+03 1.1941e+03 8.2477e+25 7.2626e+25
3.9155e-01 1.3197e+03 1.3197e+03 9.6811e+25 8.7058e+25
4.0172e-01 1.7819e+03 1.7818e+03 1.2961e+26 1.1930e+26
4.1216e-01 1.9734e+03 1.9734e+03 1.2637e+26 1.1421e+26
4.2286e-01 2.0683e+03 2.0683e+03 1.3370e+26 1.2404e+26
4.3384e-01 2.1302e+03 2.1302e+03 1.5038e+26 1.2234e+26
4.4511e-01 2.5654e+03 2.5653e+03 1.5874e+26 1.4907e+26
4.5667e-01 2.8999e+03 2.8998e+03 1.8306e+26 1.7343e+26
4.6853e-01 3.0680e+03 3.0679e+03 1.8759e+26 1.7827e+26
4.8070e-01 3.2819e+03 3.2817e+03 1.9529e+26 1.8626e+26
4.9319e-01 3.3497e+03 3.3494e+03 1.9814e+26 1.8862e+26
5.0600e-01 3.5164e+03 3.5160e+03 2.0099e+26 1.9231e+26
5.1914e-01 3.3604e+03 3.3599e+03 1.8929e+26 1.8044e+26
5.3262e-01 3.8082e+03 3.8076e+03 2.1656e+26 2.0812e+26
5.4646e-01 3.9999e+03 3.9990e+03 2.3144e+26 2.2304e+26
5.6065e-01 4.2373e+03 4.2361e+03 2.4279e+26 2.3444e+26
5.7521e-01 4.5426e+03 4.5411e+03 2.5900e+26 2.5037e+26
5.9015e-01 4.7116e+03 4.7097e+03 2.5837e+26 2.4794e+26
6.0548e-01 4.9401e+03 4.9377e+03 2.8443e+26 2.7615e+26
6.2120e-01 4.8967e+03 4.8937e+03 2.7761e+26 2.6948e+26
6.3734e-01 5.2097e+03 5.2059e+03 2.9030e+26 2.8201e+26
6.5389e-01 5.9906e+03 5.9859e+03 3.1589e+26 2.9204e+26
6.7088e-01 5.6617e+03 5.6559e+03 3.2686e+26 2.9218e+26
6.8830e-01 5.7666e+03 5.7595e+03 3.1804e+26 3.0995e+26
7.0618e-01 5.9021e+03 5.8935e+03 3.2513e+26 3.1589e+26
7.2452e-01 5.9785e+03 5.9680e+03 3.2744e+26 3.1942e+26
7.4334e-01 6.6618e+03 6.6492e+03 3.6163e+26 3.5332e+26
7.6264e-01 6.8242e+03 6.8092e+03 3.6870e+26 3.6028e+26
7.8245e-01 6.8063e+03 6.7885e+03 3.6813e+26 3.5979e+26
8.0277e-01 7.1822e+03 7.1611e+03 3.8740e+26 3.7879e+26
8.2362e-01 7.6392e+03 7.6145e+03 4.0606e+26 3.9834e+26
8.4502e-01 7.4776e+03 7.4489e+03 3.9496e+26 3.8761e+26
8.6696e-01 7.9585e+03 7.9250e+03 3.8782e+26 3.7946e+26
8.8948e-01 8.4108e+03 8.3720e+03 4.4023e+26 4.3179e+26
9.1258e-01 8.9767e+03 8.9324e+03 4.7495e+26 4.6640e+26
9.3629e-01 8.9819e+03 8.9314e+03 4.6688e+26 4.5855e+26
9.6060e-01 9.5830e+03 9.5254e+03 4.8838e+26 4.7986e+26
9.8555e-01 9.5657e+03 9.5005e+03 5.0079e+26 4.9123e+26
1.0112e+00 9.8945e+03 9.8215e+03 5.1278e+26 5.0417e+26
1.0374e+00 1.0235e+04 1.0153e+04 5.2854e+26 5.1975e+26
1.0644e+00 1.0182e+04 1.0090e+04 5.2036e+26 5.1188e+26
1.0920e+00 1.0358e+04 1.0256e+04 5.3084e+26 5.1476e+26
1.1204e+00 1.0254e+04 1.0142e+04 5.2615e+26 5.1765e+26
1.1495e+00 1.0496e+04 1.0373e+04 5.3854e+26 5.3015e+26
1.1793e+00 1.0572e+04 1.0437e+04 5.3602e+26 5.2765e+26
1.2099e+00 1.0715e+04 1.0568e+04 5.4156e+26 5.3319e+26
1.2414e+00 1.0910e+04 1.0751e+04 5.4967e+26 5.4126e+26
1.2736e+00 1.1072e+04 1.0899e+04 5.5799e+26 5.4960e+26
1.3067e+00 1.1265e+04 1.1080e+04 5.6875e+26 5.6039e+26
1.3406e+00 1.1319e+04 1.1120e+04 5.6658e+26 5.5819e+26
1.3755e+00 1.1465e+04 1.1253e+04 5.7489e+26 5.6639e+26
1.4112e+00 1.1233e+04 1.1006e+04 5.5339e+26 5.4488e+26
1.4478e+00 1.1577e+04 1.1337e+04 5.7599e+26 5.6727e+26
1.4854e+00 1.1878e+04 1.1624e+04 5.8651e+26 5.7821e+26
1.5240e+00 1.2594e+04 1.2325e+04 6.2303e+26 6.1440e+26
1.5636e+00 1.2857e+04 1.2575e+04 6.3339e+26 6.2496e+26
1.6042e+00 1.3175e+04 1.2881e+04 6.4527e+26 6.3668e+26
1.6459e+00 1.3638e+04 1.3331e+04 6.6396e+26 6.5464e+26
1.6886e+00 1.3931e+04 1.3611e+04 6.7887e+26 6.6983e+26
1.7325e+00 1.3770e+04 1.3439e+04 6.6964e+26 6.6011e+26
1.7775e+00 1.3237e+04 1.2895e+04 6.4371e+26 6.3534e+26
1.8236e+00 1.2601e+04 1.2248e+04 6.0920e+26 5.9929e+26
1.8710e+00 1.2482e+04 1.2118e+04 6.5342e+26 5.7788e+26
1.9196e+00 1.2122e+04 1.1749e+04 5.8513e+26 5.7723e+26
1.9695e+00 1.1686e+04 1.1305e+04 5.6369e+26 5.5596e+26
2.0206e+00 1.1553e+04 1.1163e+04 5.5676e+26 5.4912e+26
2.0731e+00 1.1333e+04 1.0935e+04 5.3809e+26 5.3057e+26
2.1269e+00 1.1301e+04 1.0896e+04 5.4079e+26 5.3310e+26
2.1822e+00 1.0984e+04 1.0574e+04 5.2288e+26 5.1569e+26
2.2389e+00 1.0708e+04 1.0290e+04 5.1106e+26 5.0403e+26
2.2970e+00 9.8785e+03 9.4559e+03 4.3824e+26 4.3208e+26
2.3567e+00 8.8570e+03 8.4296e+03 3.9858e+26 3.9325e+26
2.4179e+00 8.1427e+03 7.7102e+03 3.6937e+26 3.6408e+26
2.4807e+00 7.1144e+03 6.6767e+03 3.2438e+26 3.1932e+26
2.5451e+00 6.8085e+03 6.3654e+03 3.1161e+26 3.0629e+26
2.6112e+00 7.1564e+03 6.7076e+03 3.2872e+26 3.2303e+26
2.6790e+00 7.1821e+03 6.7277e+03 3.3069e+26 3.2502e+26
2.7486e+00 7.2431e+03 6.7779e+03 3.3716e+26 3.3148e+26
2.8200e+00 7.1232e+03 6.6436e+03 3.2845e+26 3.2324e+26
2.8933e+00 6.8651e+03 6.3707e+03 3.1014e+26 3.0449e+26
2.9684e+00 6.4665e+03 5.9505e+03 2.9056e+26 2.8556e+26
3.0455e+00 6.3660e+03 5.8016e+03 2.8300e+26 2.7722e+26
3.1246e+00 6.4026e+03 5.7118e+03 2.7854e+26 2.7366e+26
3.2058e+00 7.1188e+03 5.6347e+03 2.7449e+26 2.6950e+26
3.2890e+00 9.5969e+03 5.6124e+03 2.7427e+26 2.6566e+26
3.3744e+00 8.5168e+03 5.5693e+03 2.6961e+26 2.6499e+26
3.4621e+00 8.3783e+03 5.5517e+03 2.7073e+26 2.6646e+26
3.5520e+00 6.7175e+03 5.3540e+03 2.5788e+26 2.5373e+26
3.6443e+00 5.8438e+03 5.1096e+03 2.4737e+26 2.4333e+26
3.7389e+00 5.4838e+03 4.8115e+03 2.3483e+26 2.2793e+26
3.8360e+00 5.2357e+03 4.5699e+03 2.2156e+26 2.1749e+26
3.9357e+00 5.0817e+03 4.4053e+03 2.1346e+26 2.0955e+26
4.0379e+00 5.1018e+03 4.4059e+03 2.2501e+26 2.0278e+26
4.1427e+00 4.9073e+03 4.1860e+03 2.0163e+26 1.9781e+26
4.2503e+00 4.8083e+03 4.0567e+03 1.9804e+26 1.9430e+26
4.3607e+00 4.4343e+03 3.6475e+03 1.7533e+26 1.7151e+26
4.4740e+00 4.2160e+03 3.3893e+03 1.6294e+26 1.5971e+26
4.5902e+00 4.0500e+03 3.1784e+03 1.5136e+26 1.4810e+26
4.7094e+00 4.0683e+03 3.1457e+03 1.5164e+26 1.4434e+26
4.8317e+00 3.9733e+03 2.9929e+03 1.4539e+26 1.4182e+26
4.9572e+00 3.9270e+03 2.8802e+03 1.3843e+26 1.3454e+26
5.0860e+00 3.9182e+03 2.7933e+03 1.3436e+26 1.2972e+26
5.2181e+00 3.9759e+03 2.7569e+03 1.3273e+26 1.2562e+26
5.3536e+00 4.0089e+03 2.6711e+03 1.2876e+26 1.2183e+26
5.4927e+00 4.0893e+03 2.5909e+03 1.2473e+26 1.1839e+26
5.6353e+00 4.2907e+03 2.5514e+03 1.2287e+26 1.1442e+26
5.7817e+00 4.6531e+03 2.4853e+03 1.1979e+26 1.1049e+26
5.9319e+00 5.6056e+03 2.4406e+03 1.1767e+26 1.0649e+26
6.0859e+00 9.1705e+03 2.5119e+03 1.2155e+26 1.0280e+26
6.2440e+00 1.6107e+04 2.6535e+03 1.3121e+26 9.8094e+25
6.4062e+00 1.0343e+04 2.3566e+03 1.1309e+26 9.3796e+25
6.5725e+00 7.2085e+03 2.1758e+03 1.0462e+26 8.9392e+25
6.7433e+00 7.6559e+03 2.1357e+03 1.0307e+26 8.5749e+25
6.9184e+00 1.0288e+04 2.4098e+03 1.1864e+26 8.1638e+25
7.0981e+00 1.1106e+04 2.3100e+03 1.1302e+26 7.8192e+25
7.2824e+00 1.2601e+04 2.1940e+03 1.0571e+26 7.5288e+25
7.4716e+00 1.9063e+04 2.6331e+03 1.3104e+26 7.2105e+25
7.6656e+00 2.9573e+04 2.9320e+03 1.4388e+26 6.8542e+25
7.8647e+00 2.7335e+04 2.7667e+03 1.3550e+26 6.5705e+25
8.0690e+00 1.5887e+04 2.2795e+03 1.0877e+26 6.3073e+25
8.2786e+00 1.1644e+04 2.0401e+03 9.8726e+25 6.0130e+25
8.4936e+00 1.4694e+04 2.0452e+03 1.0040e+26 5.7655e+25
8.7142e+00 1.3367e+04 1.8457e+03 9.1533e+25 5.5395e+25
8.9405e+00 8.8503e+03 2.7074e+03 1.6481e+26 5.3539e+25
9.1728e+00 5.9626e+03 1.4602e+03 7.0192e+25 5.0945e+25
9.4110e+00 5.3277e+03 1.3767e+03 6.8688e+25 4.8986e+25
9.6554e+00 5.1393e+03 1.3616e+03 6.8368e+25 4.7090e+25
9.9062e+00 5.1825e+03 1.3613e+03 6.8711e+25 4.5481e+25
1.0164e+01 5.4374e+03 1.3659e+03 6.8499e+25 4.2874e+25
1.0427e+01 7.3124e+03 2.7001e+03 1.5459e+26 4.0616e+25
1.0698e+01 7.4749e+03 1.5618e+03 7.4309e+25 3.8479e+25
1.0976e+01 1.2260e+04 1.6639e+03 8.1554e+25 3.6456e+25
1.1261e+01 2.4955e+04 2.6783e+03 1.5661e+26 3.4542e+25
1.1554e+01 1.7760e+04 2.0068e+03 9.7983e+25 3.2729e+25
1.1854e+01 1.2035e+04 1.8655e+03 9.1873e+25 3.1014e+25
1.2162e+01 1.2796e+04 1.9715e+03 9.4307e+25 2.9389e+25
1.2478e+01 1.7734e+04 2.2348e+03 1.0417e+26 2.7851e+25
1.2802e+01 2.1636e+04 5.4967e+03 4.5460e+26 2.6395e+25
1.3134e+01 1.2836e+04 1.8306e+03 8.5609e+25 2.5016e+25
1.3475e+01 9.8371e+03 1.7143e+03 8.4174e+25 2.3711e+25
1.3825e+01 8.6112e+03 1.6338e+03 7.8725e+25 2.2474e+25
1.4184e+01 8.2776e+03 1.6298e+03 7.9813e+25 2.1303e+25
1.4553e+01 8.2162e+03 1.6009e+03 7.7750e+25 2.0194e+25
1.4931e+01 8.2391e+03 1.6670e+03 8.1600e+25 1.9143e+25
1.5319e+01 1.0078e+04 3.5666e+03 2.1573e+26 1.8148e+25
1.5716e+01 1.2997e+04 6.5814e+03 3.5031e+26 1.7205e+25
1.6125e+01 9.0581e+03 2.6988e+03 1.2182e+26 1.6312e+25
1.6543e+01 9.4305e+03 2.9581e+03 1.4689e+26 1.5466e+25
1.6973e+01 9.8915e+03 3.2905e+03 1.6601e+26 1.4665e+25
1.7414e+01 1.0290e+04 3.5640e+03 1.8135e+26 1.3905e+25
1.7866e+01 1.0546e+04 3.6754e+03 1.8583e+26 1.3186e+25
1.8330e+01 1.1253e+04 4.2063e+03 2.0124e+26 1.2504e+25
1.8806e+01 1.5651e+04 8.3786e+03 4.7240e+26 1.1858e+25
1.9295e+01 1.2212e+04 4.7010e+03 2.3555e+26 1.1245e+25
1.9796e+01 1.2712e+04 4.9595e+03 2.4941e+26 1.0665e+25
2.0310e+01 1.3255e+04 5.2638e+03 2.6439e+26 1.0133e+25
2.0838e+01 1.3817e+04 5.5848e+03 2.7988e+26 9.6394e+24
2.1379e+01 1.4481e+04 5.9808e+03 2.9703e+26 9.1697e+24
2.1934e+01 1.5288e+04 6.4924e+03 3.2588e+26 8.7229e+24
2.2504e+01 1.5838e+04 6.7431e+03 3.3627e+26 8.2979e+24
2.3088e+01 1.6585e+04 7.1882e+03 3.5786e+26 7.8936e+24
2.3688e+01 1.7373e+04 7.6675e+03 3.8107e+26 7.5089e+24
2.4303e+01 1.8221e+04 8.1884e+03 4.0628e+26 7.1431e+24
2.4934e+01 1.9152e+04 8.7505e+03 4.3350e+26 6.7950e+24
2.5582e+01 2.0135e+04 9.3482e+03 4.6240e+26 6.4639e+24
2.6246e+01 2.1178e+04 9.9831e+03 4.9316e+26 6.1489e+24
2.6928e+01 2.2281e+04 1.0660e+04 5.2586e+26 5.8493e+24
2.7628e+01 2.3459e+04 1.1390e+04 5.6110e+26 5.5643e+24
2.8345e+01 2.4754e+04 1.2176e+04 5.9901e+26 5.2932e+24
2.9081e+01 2.6142e+04 1.3019e+04 6.3969e+26 5.0353e+24
2.9837e+01 2.7617e+04 1.3917e+04 6.8304e+26 4.7899e+24
3.0612e+01 2.9198e+04 1.4870e+04 7.2901e+26 4.5566e+24
3.1407e+01 3.0931e+04 1.5882e+04 7.7780e+26 4.3345e+24
3.2222e+01 3.2778e+04 1.6961e+04 8.2976e+26 4.1233e+24
3.3059e+01 3.6987e+04 2.0353e+04 8.8527e+26 3.9224e+24
3.3918e+01 5.4081e+04 3.6508e+04 1.8998e+27 3.7313e+24
3.4799e+01 4.7096e+04 2.8475e+04 1.6286e+27 3.5495e+24
3.5703e+01 4.2858e+04 2.3114e+04 1.1064e+27 3.3766e+24
3.6630e+01 4.5061e+04 2.4094e+04 1.1740e+27 3.2120e+24
3.7581e+01 4.7405e+04 2.5022e+04 1.2177e+27 3.0555e+24
3.8557e+01 5.0504e+04 2.6582e+04 1.2929e+27 2.9067e+24
3.9559e+01 5.3771e+04 2.8183e+04 1.3699e+27 2.7650e+24
4.0586e+01 5.7257e+04 2.9832e+04 1.4491e+27 2.6292e+24
4.1640e+01 6.1012e+04 3.1529e+04 1.5304e+27 2.4993e+24
4.2722e+01 6.4976e+04 3.3264e+04 1.6136e+27 2.3757e+24
4.3832e+01 6.9165e+04 3.5033e+04 1.6983e+27 2.2583e+24
4.4970e+01 7.3608e+04 3.6837e+04 1.7847e+27 2.1467e+24
4.6138e+01 7.8300e+04 3.8662e+04 1.8722e+27 2.0406e+24
4.7336e+01 8.3273e+04 4.0518e+04 1.9609e+27 1.9397e+24
4.8566e+01 8.8494e+04 4.2385e+04 2.0503e+27 1.8438e+24
4.9827e+01 9.3906e+04 4.4267e+04 2.1402e+27 1.7527e+24
5.1121e+01 1.0276e+05 4.9297e+04 2.2948e+27 1.6661e+24
5.2449e+01 1.1230e+05 5.4694e+04 2.6531e+27 1.5837e+24
5.3811e+01 1.1218e+05 5.0295e+04 2.4106e+27 1.5054e+24
5.5209e+01 1.1810e+05 5.1825e+04 2.5006e+27 1.4310e+24
5.6643e+01 1.2602e+05 5.4981e+04 2.6303e+27 1.3603e+24
5.8114e+01 1.3422e+05 5.8056e+04 2.8016e+27 1.2931e+24
5.9624e+01 1.3870e+05 5.7344e+04 2.7637e+27 1.2292e+24
6.1172e+01 1.4601e+05 5.9139e+04 2.8489e+27 1.1681e+24
6.2761e+01 1.5402e+05 6.1184e+04 2.9482e+27 1.1101e+24
6.4391e+01 1.6187e+05 6.2729e+04 3.0204e+27 1.0549e+24
6.6063e+01 1.6980e+05 6.4220e+04 3.0913e+27 1.0024e+24
6.7779e+01 1.7835e+05 6.5828e+04 3.1681e+27 9.5259e+23
6.9540e+01 1.8743e+05 6.7401e+04 3.2430e+27 9.0523e+23
7.1346e+01 1.9609e+05 6.8909e+04 3.3148e+27 8.6022e+23
7.3199e+01 2.0459e+05 7.0362e+04 3.3837e+27 8.1746e+23
7.5100e+01 2.1355e+05 7.1738e+04 3.4491e+27 7.7681e+23
7.7051e+01 2.2281e+05 7.3040e+04 3.5112e+27 7.3819e+23
7.9052e+01 2.3137e+05 7.4284e+04 3.5699e+27 7.0149e+23
8.1105e+01 2.4013e+05 7.5443e+04 3.6251e+27 6.6656e+23
8.3212e+01 2.4938e+05 7.6553e+04 3.6772e+27 6.3331e+23
8.5373e+01 2.5836e+05 7.7633e+04 3.7258e+27 6.0172e+23
8.7590e+01 2.7696e+05 8.9219e+04 4.3184e+27 5.7171e+23
8.9865e+01 2.8162e+05 8.6437e+04 4.1582e+27 5.4319e+23
9.2199e+01 2.8320e+05 8.0161e+04 3.8483e+27 5.1609e+23
9.4594e+01 2.9059e+05 8.0831e+04 3.8801e+27 4.9035e+23
9.7051e+01 2.9752e+05 8.1382e+04 3.9078e+27 4.6589e+23
9.9571e+01 3.0481e+05 8.1898e+04 3.9306e+27 4.4265e+23
1.0216e+02 3.1202e+05 8.2285e+04 3.9481e+27 4.2053e+23
1.0481e+02 3.1802e+05 8.2566e+04 3.9609e+27 3.9951e+23
1.0753e+02 3.2414e+05 8.2774e+04 3.9707e+27 3.7954e+23
1.1033e+02 3.3055e+05 8.2925e+04 3.9780e+27 3.6057e+23
1.1319e+02 3.3568e+05 8.3026e+04 3.9825e+27 3.4255e+23
1.1613e+02 3.3924e+05 8.3040e+04 3.9831e+27 3.2542e+23
1.1915e+02 3.4294e+05 8.2976e+04 3.9786e+27 3.0916e+23
1.2224e+02 3.4924e+05 8.5465e+04 4.1845e+27 2.9369e+23
1.2542e+02 3.4758e+05 8.2503e+04 3.9541e+27 2.7899e+23
1.2867e+02 3.4793e+05 8.2173e+04 3.9401e+27 2.6502e+23
1.3202e+02 3.4844e+05 8.1845e+04 3.9244e+27 2.5176e+23
1.3545e+02 3.4817e+05 8.1405e+04 3.9025e+27 2.3916e+23
1.3896e+02 3.4550e+05 8.0790e+04 3.8732e+27 2.2719e+23
1.4257e+02 3.4268e+05 7.9999e+04 3.8345e+27 2.1580e+23
1.4628e+02 3.3990e+05 7.9068e+04 3.7901e+27 2.0499e+23
1.5008e+02 3.3668e+05 7.7880e+04 3.7323e+27 1.9471e+23
1.5397e+02 3.3334e+05 7.6674e+04 3.6778e+27 1.8495e+23
1.5797e+02 3.3008e+05 7.5399e+04 3.6215e+27 1.7568e+23
1.6207e+02 3.2699e+05 7.4375e+04 3.5530e+27 0.0000e+00
1.6628e+02 3.2182e+05 7.2772e+04 3.4874e+27 0.0000e+00
1.7060e+02 3.1666e+05 7.1321e+04 3.4176e+27 0.0000e+00
1.7503e+02 3.1161e+05 6.9824e+04 3.3461e+27 0.0000e+00
1.7958e+02 3.0579e+05 6.8256e+04 3.2737e+27 0.0000e+00
1.8424e+02 2.9861e+05 6.6772e+04 3.1971e+27 0.0000e+00
1.8903e+02 2.9150e+05 6.5138e+04 3.1196e+27 0.0000e+00
1.9394e+02 2.8459e+05 6.3488e+04 3.0402e+27 0.0000e+00
1.9898e+02 2.7769e+05 6.1884e+04 2.9594e+27 0.0000e+00
2.0414e+02 2.7225e+05 6.1675e+04 2.9644e+27 0.0000e+00
2.0945e+02 2.6422e+05 5.8655e+04 2.7931e+27 0.0000e+00
2.1489e+02 2.5711e+05 5.6595e+04 2.7116e+27 0.0000e+00
2.2047e+02 2.4955e+05 5.4879e+04 2.6286e+27 0.0000e+00
2.2619e+02 2.4204e+05 5.3088e+04 2.5463e+27 0.0000e+00
2.3207e+02 2.3483e+05 5.1362e+04 2.4592e+27 0.0000e+00
2.3810e+02 2.2681e+05 4.9565e+04 2.3745e+27 0.0000e+00
2.4428e+02 2.1796e+05 4.7806e+04 2.2911e+27 0.0000e+00
2.5063e+02 2.0948e+05 4.6085e+04 2.2071e+27 0.0000e+00
2.5714e+02 2.0126e+05 4.4337e+04 2.1243e+27 0.0000e+00
2.6381e+02 1.9279e+05 4.2636e+04 2.0412e+27 0.0000e+00
2.7067e+02 1.8444e+05 4.0909e+04 1.9597e+27 0.0000e+00
2.7770e+02 1.7648e+05 3.9221e+04 1.8787e+27 0.0000e+00
2.8491e+02 1.6856e+05 3.7552e+04 1.7982e+27 0.0000e+00
2.9231e+02 1.6018e+05 3.5935e+04 1.7204e+27 0.0000e+00
2.9990e+02 1.5218e+05 3.4355e+04 1.6446e+27 0.0000e+00
3.0769e+02 1.4455e+05 3.2800e+04 1.5716e+27 0.0000e+00
3.1568e+02 1.3738e+05 3.1300e+04 1.4989e+27 0.0000e+00
3.2388e+02 1.3059e+05 2.9838e+04 1.4279e+27 0.0000e+00
3.3229e+02 1.2409e+05 2.8389e+04 1.3589e+27 0.0000e+00
3.4092e+02 1.1787e+05 2.6982e+04 1.2927e+27 0.0000e+00
3.4978e+02 1.1167e+05 2.5638e+04 1.2271e+27 0.0000e+00
3.5886e+02 1.0571e+05 2.4325e+04 1.1643e+27 0.0000e+00
3.6818e+02 1.0004e+05 2.3031e+04 1.1105e+27 0.0000e+00
3.7775e+02 9.4728e+04 2.1911e+04 1.0494e+27 0.0000e+00
3.8756e+02 8.9379e+04 2.0652e+04 9.8926e+26 0.0000e+00
3.9762e+02 8.4382e+04 1.9513e+04 9.3444e+26 0.0000e+00
4.0795e+02 7.9664e+04 1.8429e+04 8.8221e+26 0.0000e+00
4.1855e+02 7.5036e+04 1.7380e+04 8.3310e+26 0.0000e+00
4.2942e+02 7.0595e+04 1.6386e+04 7.8492e+26 0.0000e+00
4.4057e+02 6.6415e+04 1.5430e+04 7.3882e+26 0.0000e+00
4.5201e+02 6.2451e+04 1.4517e+04 6.9596e+26 0.0000e+00
4.6375e+02 5.8634e+04 1.3638e+04 6.5403e+26 0.0000e+00
4.7580e+02 5.5044e+04 1.2812e+04 6.1417e+26 0.0000e+00
4.8816e+02 5.1670e+04 1.2025e+04 5.7615e+26 0.0000e+00
5.0083e+02 4.8440e+04 1.1272e+04 5.3965e+26 0.0000e+00
5.1384e+02 4.5337e+04 1.0556e+04 5.0563e+26 0.0000e+00
5.2719e+02 4.2435e+04 9.8839e+03 4.7325e+26 0.0000e+00
5.4088e+02 3.9705e+04 9.2404e+03 4.4237e+26 0.0000e+00
5.5493e+02 3.7113e+04 8.6382e+03 4.1349e+26 0.0000e+00
5.6934e+02 3.4668e+04 8.0650e+03 3.8647e+26 0.0000e+00
5.8413e+02 3.2384e+04 7.5280e+03 3.6077e+26 0.0000e+00
5.9930e+02 3.0239e+04 7.0210e+03 3.3725e+26 0.0000e+00
6.1487e+02 2.8202e+04 6.5480e+03 3.1368e+26 0.0000e+00
6.3084e+02 2.6284e+04 6.0957e+03 2.9168e+26 0.0000e+00
6.4722e+02 2.4499e+04 5.6717e+03 2.7154e+26 0.0000e+00
6.6403e+02 2.2818e+04 5.2746e+03 2.5269e+26 0.0000e+00
6.8128e+02 2.1233e+04 4.9031e+03 2.3484e+26 0.0000e+00
6.9897e+02 1.9758e+04 4.5559e+03 2.1832e+26 0.0000e+00
7.1713e+02 1.8383e+04 4.2304e+03 2.0278e+26 0.0000e+00
7.3575e+02 1.7084e+04 3.9261e+03 1.8794e+26 0.0000e+00
7.5486e+02 1.5875e+04 3.6420e+03 1.7441e+26 0.0000e+00
7.7447e+02 1.4746e+04 3.3761e+03 1.6174e+26 0.0000e+00
7.9458e+02 1.3693e+04 3.1282e+03 1.4971e+26 0.0000e+00
8.1522e+02 1.2705e+04 2.8978e+03 1.3863e+26 0.0000e+00
8.3639e+02 1.1788e+04 2.6825e+03 1.2842e+26 0.0000e+00
8.5812e+02 1.0936e+04 2.4833e+03 1.1893e+26 0.0000e+00
8.8041e+02 1.0138e+04 2.2973e+03 1.1000e+26 0.0000e+00
9.0327e+02 9.3939e+03 2.1244e+03 1.0167e+26 0.0000e+00
9.2673e+02 8.7066e+03 1.9641e+03 9.4130e+25 0.0000e+00
9.5080e+02 8.0656e+03 1.8152e+03 8.6998e+25 0.0000e+00
9.7550e+02 7.4686e+03 1.6780e+03 8.0352e+25 0.0000e+00
1.0008e+03 6.9145e+03 1.5500e+03 7.4579e+25 0.0000e+00
1.0268e+03 6.3996e+03 1.4313e+03 6.9070e+25 0.0000e+00
1.0535e+03 5.9229e+03 1.3222e+03 6.3759e+25 0.0000e+00
1.0809e+03 5.4794e+03 1.2211e+03 5.9811e+25 0.0000e+00
1.1089e+03 5.0682e+03 1.1276e+03 5.5270e+25 0.0000e+00
1.1377e+03 4.6892e+03 1.0423e+03 5.0087e+25 0.0000e+00
1.1673e+03 4.3355e+03 9.6207e+02 4.6846e+25 0.0000e+00
1.1976e+03 4.0081e+03 8.8878e+02 4.3637e+25 0.0000e+00
1.2287e+03 3.7063e+03 8.2140e+02 3.9961e+25 0.0000e+00
1.2606e+03 3.4268e+03 7.5933e+02 3.6614e+25 0.0000e+00
1.2934e+03 3.1667e+03 7.0173e+02 3.4368e+25 0.0000e+00
1.3270e+03 2.9271e+03 6.4878e+02 3.1783e+25 0.0000e+00
1.3614e+03 2.7059e+03 6.0046e+02 2.8832e+25 0.0000e+00
1.3968e+03 2.5017e+03 5.5607e+02 2.7061e+25 0.0000e+00
1.4331e+03 2.3118e+03 5.1509e+02 2.5260e+25 0.0000e+00
1.4703e+03 2.1364e+03 4.7717e+02 2.3195e+25 0.0000e+00
1.5085e+03 1.9757e+03 4.4285e+02 2.1361e+25 0.0000e+00
1.5476e+03 1.8263e+03 4.1127e+02 2.0118e+25 0.0000e+00
1.5878e+03 1.6885e+03 3.8209e+02 1.8685e+25 0.0000e+00
1.6291e+03 1.5613e+03 3.5536e+02 1.7045e+25 0.0000e+00
1.6714e+03 1.4444e+03 3.3124e+02 1.6106e+25 0.0000e+00
1.7148e+03 1.3364e+03 3.0902e+02 1.5121e+25 0.0000e+00
1.7593e+03 1.2363e+03 2.8837e+02 1.3988e+25 0.0000e+00
1.8050e+03 1.1446e+03 2.6974e+02 1.3008e+25 0.0000e+00
1.8519e+03 1.0599e+03 2.5287e+02 1.2339e+25 0.0000e+00
1.9000e+03 9.8181e+02 2.3731e+02 1.1563e+25 0.0000e+00
1.9494e+03 9.0999e+02 2.2305e+02 1.0671e+25 0.0000e+00
2.0000e+03 7.4192e+02 1.0830e+02 1.0189e+25 0.0000e+00
